0	 0.000000
1	 0.125183
2	 0.248413
3	 0.367737
4	 0.481262
5	 0.587189
6	 0.683868
7	 0.769775
8	 0.843536
9	 0.903992
10	 0.950195
11	 0.981445
12	 0.997192
13	 0.997223
14	 0.981506
15	 0.950348
16	 0.904205
17	 0.843811
18	 0.770111
19	 0.684235
20	 0.587555
21	 0.481628
22	 0.368103
23	 0.248779
24	 0.125549
25	 0.000275
26	-0.125031
27	-0.248383
28	-0.367828
29	-0.481445
30	-0.587463
31	-0.684235
32	-0.770233
33	-0.844086
34	-0.904663
35	-0.950989
36	-0.982361
37	-0.998230
38	-0.998077
39	-0.982483
40	-0.951447
41	-0.905426
42	-0.845154
43	-0.771576
44	-0.685822
45	-0.589264
46	-0.483398
47	-0.369965
48	-0.250732
49	-0.127502
50	-0.002319
51	 0.122864
52	 0.246094
53	 0.365540
54	 0.479156
55	 0.585236
56	 0.682068
57	 0.768158
58	 0.842133
59	 0.902832
60	 0.949280
61	 0.980774
62	 0.996765
63	 0.997070
64	 0.981689
65	 0.950806
66	 0.904907
67	 0.844757
68	 0.771301
69	 0.685638
70	 0.589172
71	 0.483429
72	 0.370087
73	 0.250885
74	 0.127716
75	 0.002533
76	-0.122650
77	-0.246002
78	-0.365448
79	-0.479126
80	-0.585236
81	-0.682159
82	-0.768341
83	-0.842407
84	-0.903229
85	-0.949829
86	-0.981476
87	-0.997650
88	-0.998108
89	-0.982849
90	-0.952087
91	-0.906342
92	-0.846313
93	-0.772980
94	-0.687439
95	-0.591095
96	-0.485443
97	-0.372162
98	-0.253021
99	-0.129913
100	-0.004730
101	 0.120483
102	 0.243835
103	 0.363312
104	 0.477051
105	 0.583282
106	 0.680298
107	 0.766602
108	 0.840820
109	 0.901764
110	 0.948517
111	 0.980286
112	 0.996643
113	 0.997223
114	 0.982086
115	 0.951447
116	 0.905823
117	 0.845917
118	 0.772705
119	 0.687286
120	 0.591034
121	 0.485443
122	 0.372223
123	 0.253143
124	 0.130035
125	 0.004852
126	-0.120392
127	-0.243744
128	-0.363281
129	-0.477112
130	-0.583435
131	-0.680573
132	-0.766968
133	-0.841309
134	-0.902374
135	-0.949249
136	-0.981140
137	-0.997620
138	-0.998352
139	-0.983337
140	-0.952881
141	-0.907379
142	-0.847595
143	-0.774506
144	-0.689209
145	-0.593018
146	-0.487488
147	-0.374268
148	-0.255188
149	-0.132111
150	-0.006958
151	 0.118317
152	 0.241699
153	 0.361267
154	 0.475159
155	 0.581512
156	 0.678741
157	 0.765228
158	 0.839661
159	 0.900848
160	 0.947845
161	 0.979889
162	 0.996490
163	 0.997375
164	 0.982513
165	 0.952209
166	 0.906860
167	 0.847198
168	 0.774200
169	 0.688995
170	 0.592896
171	 0.487488
172	 0.374390
173	 0.255371
174	 0.132324
175	 0.007172
176	-0.118103
177	-0.241516
178	-0.361115
179	-0.475067
180	-0.581512
181	-0.678802
182	-0.765411
183	-0.839935
184	-0.901276
185	-0.948395
186	-0.980560
187	-0.997284
188	-0.998322
189	-0.983673
190	-0.953491
191	-0.908325
192	-0.848816
193	-0.775970
194	-0.690918
195	-0.594940
196	-0.489624
197	-0.376617
198	-0.257660
199	-0.134644
200	-0.009521
201	 0.115753
202	 0.239197
203	 0.358856
204	 0.472870
205	 0.579437
206	 0.676819
207	 0.763550
208	 0.838226
209	 0.899719
210	 0.947021
211	 0.979401
212	 0.996368
213	 0.997559
214	 0.983032
215	 0.953003
216	 0.907959
217	 0.848602
218	 0.775879
219	 0.690918
220	 0.595062
221	 0.489838
222	 0.376862
223	 0.257935
224	 0.134918
225	 0.009796
226	-0.115479
227	-0.238983
228	-0.358704
229	-0.472778
230	-0.579468
231	-0.676971
232	-0.763824
233	-0.838654
234	-0.900269
235	-0.947723
236	-0.980225
237	-0.997314
238	-0.998688
239	-0.984314
240	-0.954468
241	-0.909576
242	-0.850342
243	-0.777740
244	-0.692841
245	-0.597076
246	-0.491882
247	-0.378937
248	-0.260040
249	-0.137054
250	-0.011932
251	 0.113342
252	 0.236847
253	 0.356598
254	 0.470764
255	 0.577454
256	 0.675079
257	 0.762024
258	 0.836975
259	 0.898712
260	 0.946289
261	 0.978943
262	 0.996155
263	 0.997681
264	 0.983521
265	 0.953827
266	 0.909058
267	 0.849945
268	 0.777466
269	 0.692719
270	 0.597015
271	 0.491943
272	 0.379089
273	 0.260254
274	 0.137329
275	 0.012207
276	-0.113098
277	-0.236633
278	-0.356445
279	-0.470642
280	-0.577454
281	-0.675171
282	-0.762238
283	-0.837280
284	-0.899170
285	-0.946869
286	-0.979645
287	-0.996979
288	-0.998657
289	-0.984619
290	-0.955048
291	-0.910431
292	-0.851501
293	-0.779144
294	-0.694489
295	-0.598907
296	-0.493927
297	-0.381165
298	-0.262390
299	-0.139465
300	-0.014374
301	 0.110931
302	 0.234467
303	 0.354340
304	 0.468628
305	 0.575470
306	 0.673248
307	 0.760437
308	 0.835602
309	 0.897614
310	 0.945465
311	 0.978394
312	 0.995941
313	 0.997772
314	 0.983856
315	 0.954437
316	 0.909973
317	 0.851166
318	 0.778931
319	 0.694397
320	 0.598938
321	 0.494019
322	 0.381287
323	 0.262573
324	 0.139709
325	 0.014648
326	-0.110657
327	-0.234253
328	-0.354126
329	-0.468445
330	-0.575378
331	-0.673248
332	-0.760529
333	-0.835815
334	-0.897949
335	-0.945923
336	-0.979034
337	-0.996735
338	-0.998718
339	-0.984955
340	-0.955658
341	-0.911346
342	-0.852661
343	-0.780548
344	-0.696136
345	-0.600800
346	-0.495972
347	-0.383331
348	-0.264679
349	-0.141846
350	-0.016785
351	 0.108521
352	 0.232117
353	 0.352051
354	 0.466431
355	 0.573425
356	 0.671387
357	 0.758789
358	 0.834198
359	 0.896454
360	 0.944550
361	 0.977783
362	 0.995605
363	 0.997711
364	 0.984070
365	 0.954956
366	 0.910797
367	 0.852234
368	 0.780243
369	 0.695953
370	 0.600739
371	 0.496002
372	 0.383453
373	 0.264862
374	 0.142059
375	 0.016998
376	-0.108307
377	-0.231903
378	-0.351868
379	-0.466278
380	-0.573364
381	-0.671448
382	-0.758972
383	-0.834503
384	-0.896881
385	-0.945190
386	-0.978577
387	-0.996521
388	-0.998810
389	-0.985382
390	-0.956421
391	-0.912384
392	-0.854004
393	-0.782135
394	-0.697968
395	-0.602814
396	-0.498138
397	-0.385620
398	-0.267059
399	-0.144287
400	-0.019257
401	 0.106049
402	 0.229706
403	 0.349731
404	 0.464233
405	 0.571411
406	 0.669617
407	 0.757263
408	 0.832916
409	 0.895477
410	 0.943909
411	 0.977417
412	 0.995544
413	 0.997955
414	 0.984650
415	 0.955811
416	 0.911896
417	 0.853638
418	 0.781891
419	 0.697845
420	 0.602753
421	 0.498169
422	 0.385742
423	 0.267212
424	 0.144470
425	 0.019440
426	-0.105896
427	-0.229584
428	-0.349640
429	-0.464203
430	-0.571442
431	-0.669678
432	-0.757385
433	-0.833160
434	-0.895844
435	-0.944397
436	-0.978088
437	-0.996399
438	-0.998993
439	-0.985840
440	-0.957153
441	-0.913391
442	-0.855255
443	-0.783630
444	-0.699707
445	-0.604736
446	-0.500275
447	-0.387909
448	-0.269440
449	-0.146729
450	-0.021729
451	 0.103607
452	 0.227325
453	 0.347412
454	 0.462036
455	 0.569366
456	 0.667694
457	 0.755524
458	 0.831421
459	 0.894226
460	 0.942902
461	 0.976746
462	 0.995178
463	 0.997925
464	 0.984924
465	 0.956421
466	 0.912842
467	 0.854828
468	 0.783386
469	 0.699585
470	 0.604736
471	 0.500305
472	 0.388031
473	 0.269653
474	 0.147003
475	 0.022003
476	-0.103333
477	-0.227051
478	-0.347198
479	-0.461884
480	-0.569275
481	-0.667725
482	-0.755646
483	-0.831665
484	-0.894592
485	-0.943420
486	-0.977417
487	-0.995972
488	-0.998871
489	-0.986053
490	-0.957703
491	-0.914276
492	-0.856415
493	-0.785095
494	-0.701416
495	-0.606689
496	-0.502380
497	-0.390198
498	-0.271851
499	-0.149231
500	-0.024261
501	 0.101074
502	 0.224823
503	 0.345001
504	 0.459747
505	 0.567230
506	 0.665802
507	 0.753815
508	 0.829956
509	 0.893036
510	 0.942047
511	 0.976166
512	 0.994934
513	 0.997986
514	 0.985291
515	 0.957092
516	 0.913788
517	 0.856049
518	 0.784851
519	 0.701294
520	 0.606659
521	 0.502472
522	 0.390350
523	 0.272034
524	 0.149475
525	 0.024536
526	-0.100800
527	-0.224548
528	-0.344788
529	-0.459595
530	-0.567169
531	-0.665833
532	-0.753967
533	-0.830231
534	-0.893433
535	-0.942596
536	-0.976898
537	-0.995819
538	-0.999054
539	-0.986542
540	-0.958496
541	-0.915344
542	-0.857819
543	-0.786743
544	-0.703278
545	-0.608765
546	-0.504639
547	-0.392578
548	-0.274323
549	-0.151764
550	-0.026794
551	 0.098572
552	 0.222382
553	 0.342682
554	 0.457550
555	 0.565216
556	 0.663940
557	 0.752228
558	 0.828644
559	 0.891998
560	 0.941284
561	 0.975769
562	 0.994812
563	 0.998199
564	 0.985870
565	 0.957977
566	 0.914948
567	 0.857544
568	 0.786591
569	 0.703247
570	 0.608826
571	 0.504761
572	 0.392761
573	 0.274567
574	 0.152008
575	 0.027039
576	-0.098328
577	-0.222168
578	-0.342529
579	-0.457520
580	-0.565277
581	-0.664124
582	-0.752502
583	-0.829041
584	-0.892517
585	-0.941925
586	-0.976532
587	-0.995728
588	-0.999268
589	-0.987061
590	-0.959320
591	-0.916473
592	-0.859192
593	-0.788361
594	-0.705139
595	-0.610748
596	-0.506805
597	-0.394836
598	-0.276672
599	-0.154114
600	-0.029144
601	 0.096222
602	 0.220123
603	 0.340485
604	 0.455475
605	 0.563324
606	 0.662262
607	 0.750763
608	 0.827423
609	 0.891052
610	 0.940582
611	 0.975311
612	 0.994690
613	 0.998383
614	 0.986298
615	 0.958679
616	 0.915985
617	 0.858826
618	 0.788116
619	 0.705017
620	 0.610748
621	 0.506897
622	 0.395020
623	 0.276917
624	 0.154480
625	 0.029602
626	-0.095764
627	-0.219666
628	-0.340088
629	-0.455170
630	-0.563080
631	-0.662140
632	-0.750763
633	-0.827545
634	-0.891296
635	-0.941040
636	-0.975922
637	-0.995453
638	-0.999298
639	-0.987396
640	-0.959961
641	-0.917389
642	-0.860352
643	-0.789764
644	-0.706787
645	-0.612640
646	-0.508820
647	-0.397034
648	-0.278992
649	-0.156555
650	-0.031677
651	 0.093689
652	 0.217590
653	 0.338074
654	 0.453186
655	 0.561157
656	 0.660278
657	 0.749023
658	 0.825928
659	 0.889801
660	 0.939667
661	 0.974701
662	 0.994354
663	 0.998352
664	 0.986633
665	 0.959320
666	 0.916870
667	 0.859955
668	 0.789490
669	 0.706635
670	 0.612610
671	 0.508911
672	 0.397186
673	 0.279144
674	 0.156708
675	 0.031830
676	-0.093536
677	-0.217438
678	-0.337921
679	-0.453094
680	-0.561127
681	-0.660339
682	-0.749146
683	-0.826172
684	-0.890228
685	-0.940247
686	-0.975464
687	-0.995239
688	-0.999390
689	-0.987793
690	-0.960632
691	-0.918335
692	-0.861603
693	-0.791260
694	-0.708496
695	-0.614563
696	-0.510956
697	-0.399292
698	-0.281372
699	-0.158997
700	-0.034119
701	 0.091248
702	 0.215210
703	 0.335815
704	 0.451080
705	 0.559235
706	 0.658569
707	 0.747498
708	 0.824677
709	 0.888855
710	 0.938995
711	 0.974335
712	 0.994324
713	 0.998627
714	 0.987183
715	 0.960175
716	 0.918030
717	 0.861420
718	 0.791199
719	 0.708527
720	 0.614685
721	 0.511139
722	 0.399536
723	 0.281616
724	 0.159271
725	 0.034393
726	-0.091003
727	-0.215027
728	-0.335632
729	-0.450958
730	-0.559204
731	-0.658661
732	-0.747711
733	-0.825012
734	-0.889313
735	-0.939575
736	-0.975037
737	-0.995178
738	-0.999634
739	-0.988342
740	-0.961487
741	-0.919495
742	-0.863007
743	-0.792908
744	-0.710327
745	-0.616577
746	-0.513092
747	-0.401550
748	-0.283722
749	-0.161407
750	-0.036560
751	 0.088867
752	 0.212891
753	 0.333527
754	 0.448914
755	 0.557220
756	 0.656708
757	 0.745850
758	 0.823273
759	 0.887695
760	 0.938080
761	 0.973694
762	 0.993958
763	 0.998566
764	 0.987457
765	 0.960754
766	 0.918915
767	 0.862579
768	 0.792633
769	 0.710236
770	 0.616608
771	 0.513245
772	 0.401794
773	 0.283997
774	 0.161713
775	 0.036865
776	-0.088562
777	-0.212585
778	-0.333282
779	-0.448730
780	-0.557098
781	-0.656708
782	-0.745972
783	-0.823517
784	-0.888062
785	-0.938629
786	-0.974426
787	-0.994873
788	-0.999634
789	-0.988647
790	-0.962097
791	-0.920380
792	-0.864197
793	-0.794373
794	-0.712036
795	-0.618500
796	-0.515228
797	-0.403870
798	-0.286133
799	-0.163879
800	-0.039062
801	 0.086365
802	 0.210419
803	 0.331146
804	 0.446655
805	 0.555115
806	 0.654816
807	 0.744202
808	 0.821869
809	 0.886536
810	 0.937256
811	 0.973206
812	 0.993805
813	 0.998718
814	 0.987885
815	 0.961487
816	 0.919922
817	 0.863861
818	 0.794189
819	 0.711975
820	 0.618561
821	 0.515411
822	 0.404083
823	 0.286407
824	 0.164185
825	 0.039368
826	-0.086060
827	-0.210144
828	-0.330933
829	-0.446503
830	-0.555023
831	-0.654846
832	-0.744354
833	-0.822144
834	-0.886932
835	-0.937805
836	-0.973877
837	-0.994629
838	-0.999695
839	-0.989014
840	-0.962769
841	-0.921356
842	-0.865417
843	-0.795837
844	-0.713715
845	-0.620361
846	-0.517242
847	-0.406036
848	-0.288391
849	-0.166229
850	-0.041443
851	 0.083984
852	 0.208069
853	 0.328857
854	 0.444458
855	 0.553070
856	 0.652954
857	 0.742554
858	 0.820465
859	 0.885376
860	 0.936371
861	 0.972565
862	 0.993439
863	 0.998657
864	 0.988159
865	 0.962067
866	 0.920776
867	 0.864990
868	 0.795532
869	 0.713531
870	 0.620300
871	 0.517273
872	 0.406067
873	 0.288483
874	 0.166351
875	 0.041595
876	-0.083832
877	-0.207947
878	-0.328766
879	-0.444427
880	-0.553131
881	-0.653107
882	-0.742767
883	-0.820740
884	-0.885773
885	-0.936890
886	-0.973206
887	-0.994202
888	-0.999573
889	-0.989197
890	-0.963226
891	-0.922089
892	-0.866425
893	-0.797089
894	-0.715210
895	-0.622101
896	-0.519196
897	-0.408112
898	-0.290588
899	-0.168488
900	-0.043732
901	 0.081696
902	 0.205811
903	 0.326691
904	 0.442413
905	 0.551147
906	 0.651184
907	 0.740967
908	 0.819061
909	 0.884216
910	 0.935455
911	 0.971954
912	 0.993134
913	 0.998627
914	 0.988373
915	 0.962555
916	 0.921570
917	 0.866028
918	 0.796814
919	 0.715057
920	 0.622040
921	 0.519196
922	 0.408173
923	 0.290710
924	 0.168640
925	 0.043915
926	-0.081512
927	-0.205658
928	-0.326569
929	-0.442352
930	-0.551178
931	-0.651306
932	-0.741180
933	-0.819366
934	-0.884644
935	-0.936005
936	-0.972656
937	-0.993988
938	-0.999634
939	-0.989532
940	-0.963837
941	-0.922974
942	-0.867615
943	-0.798584
944	-0.716949
945	-0.624054
946	-0.521332
947	-0.410370
948	-0.292969
949	-0.170959
950	-0.046265
951	 0.079163
952	 0.203339
953	 0.324310
954	 0.440155
955	 0.549103
956	 0.649353
957	 0.739349
958	 0.817688
959	 0.883148
960	 0.934692
961	 0.971497
962	 0.992981
963	 0.998810
964	 0.988892
965	 0.963409
966	 0.922729
967	 0.867493
968	 0.798584
969	 0.717072
970	 0.624237
971	 0.521576
972	 0.410706
973	 0.293335
974	 0.171326
975	 0.046631
976	-0.078796
977	-0.203003
978	-0.324036
979	-0.439972
980	-0.548920
981	-0.649292
982	-0.739441
983	-0.817932
984	-0.883545
985	-0.935211
986	-0.972168
987	-0.993835
988	-0.999817
989	-0.990051
990	-0.964722
991	-0.924194
992	-0.869141
993	-0.800354
994	-0.718994
995	-0.626282
996	-0.523712
997	-0.412903
998	-0.295593
999	-0.173645
1000	-0.048981
1001	 0.076447
1002	 0.200653
1003	 0.321716
1004	 0.437683
1005	 0.546753
1006	 0.647186
1007	 0.737427
1008	 0.816040
1009	 0.881805
1010	 0.933655
1011	 0.970795
1012	 0.992615
1013	 0.998779
1014	 0.989197
1015	 0.964050
1016	 0.923676
1017	 0.868744
1018	 0.800140
1019	 0.718903
1020	 0.626312
1021	 0.523865
1022	 0.413147
1023	 0.295898
